===================================================
|          LOCAL SOLUTION DATA 1                  |
===================================================

Objective Value = 3087.84

Bus	Voltage	Angle(deg)
1	0.91	0.00
2	0.92	12.37
3	0.94	7.01
4	0.91	-0.40
5	0.92	-0.73
6	0.94	4.84
7	0.93	4.52
8	0.93	7.12
9	0.90	-0.63


-------Generation-------
Bus	P(MW)	Q(MVars)
1	10.00	-5.00
2	125.37	-5.00
3	57.03	-5.00


-------Line Flows-------
from	to 	P(MW)	Q(MW)	Line Loss(MW)
 1		4	10.00	-5.00	0.00
 4		5	4.54	-10.74	0.01
 5		6	-49.47	-15.57	1.14
 3		6	57.03	-5.00	0.00
 6		7	6.42	3.21	0.03
 7		8	-53.60	0.28	0.29
 8		2	-125.37	16.58	0.00
 8		9	71.48	-5.88	1.91
 9		4	-5.43	-19.91	0.02


===================================================
|          LOCAL SOLUTION DATA 2                  |
===================================================

Objective Value = 4246.48

Bus	Voltage	Angle(deg)
1	0.90	0.00
2	0.92	-9.30
3	0.92	-11.15
4	0.91	-5.77
5	0.91	-10.04
6	0.93	-11.54
7	0.92	-12.86
8	0.92	-10.91
9	0.90	-10.38


-------Generation-------
Bus	P(MW)	Q(MVars)
1	143.22	-5.00
2	37.81	-5.00
3	10.00	-5.00


-------Line Flows-------
from	to 	P(MW)	Q(MW)	Line Loss(MW)
 1		4	143.22	-5.00	0.00
 4		5	65.23	-16.67	0.89
 5		6	10.33	-26.42	0.11
 3		6	10.00	-5.00	0.00
 6		7	20.22	-1.76	0.06
 7		8	-39.85	-5.50	0.16
 8		2	-37.81	6.08	0.00
 8		9	-2.19	-0.34	0.06
 9		4	-77.25	-5.27	0.74


===================================================
|          LOCAL SOLUTION DATA 3                  |
===================================================

Objective Value = 3398.03

Bus	Voltage	Angle(deg)
1	0.91	0.00
2	0.93	7.24
3	0.93	12.11
4	0.91	-0.40
5	0.91	0.22
6	0.94	7.59
7	0.93	4.17
8	0.93	4.55
9	0.90	-1.51


-------Generation-------
Bus	P(MW)	Q(MVars)
1	10.00	-5.00
2	64.79	-5.00
3	117.79	-5.00


-------Line Flows-------
from	to 	P(MW)	Q(MW)	Line Loss(MW)
 1		4	10.00	-5.00	0.00
 4		5	-9.63	-5.96	0.02
 5		6	-63.65	-10.98	1.91
 3		6	117.79	-5.00	0.00
 6		7	52.23	-3.05	0.37
 7		8	-8.15	-9.02	0.01
 8		2	-64.79	8.08	0.00
 8		9	56.64	-4.32	1.22
 9		4	-19.58	-14.82	0.05


===================================================
|          LOCAL SOLUTION DATA 4                  |
===================================================

Objective Value = 4265.15

Bus	Voltage	Angle(deg)
1	0.90	0.00
2	0.92	-11.56
3	0.93	-8.62
4	0.91	-5.72
5	0.91	-9.51
6	0.93	-10.13
7	0.92	-12.88
8	0.92	-11.98
9	0.90	-10.72


-------Generation-------
Bus	P(MW)	Q(MVars)
1	142.24	-5.00
2	10.00	-5.00
3	38.76	-5.00


-------Line Flows-------
from	to 	P(MW)	Q(MW)	Line Loss(MW)
 1		4	142.24	-5.00	0.00
 4		5	57.67	-16.87	0.70
 5		6	2.96	-25.56	0.06
 3		6	38.76	-5.00	0.00
 6		7	41.67	-1.46	0.25
 7		8	-18.58	-6.68	0.03
 8		2	-10.00	5.09	0.00
 8		9	-8.61	0.52	0.10
 9		4	-83.71	-4.61	0.87


