cd power-grid-attack/case2383_example/
scratch_20150521
starting
 0 obj=-2555.05 step=NaN [ ]
Starting parallel pool (parpool) using the 'local' profile ... connected to 8 workers.
 1 obj=-2642.65 step=1.00 [263 5.00; 300 5.00; 374 5.00; 728 5.00; 1959 5.00; ]
 1 2 2.5 538.1
 2 obj=-2709.22 step=1.00 [51 5.00; 305 5.00; 306 5.00; 309 5.00; 310 5.00; ]
 2 2 3.3 649.1
 3 obj=-2867.52 step=0.50 [51 2.50; 169 2.50; 261 2.50; 263 2.50; 300 2.50; 305 2.50; 306 2.50; 309 2.50; 310 2.50; 321 2.50; ]
 3 3 5.4 877.2
 4 obj=-2878.45 step=0.50 [39 2.50; 166 2.50; 168 2.50; 281 2.50; 322 2.50; 51 1.25; 169 1.25; 261 1.25; 263 1.25; 300 1.25; 305 1.25; 306 1.25; 309 1.25; 310 1.25; 321 1.25; ]
 4 3 5.2 853.7
 5 obj=-2880.73 step=0.50 [169 3.12; 321 3.12; 8 2.50; 170 2.50; 171 2.50; 39 1.25; 166 1.25; 168 1.25; 281 1.25; 322 1.25; 51 0.62; 261 0.62; 263 0.62; 300 0.62; 305 0.62; 306 0.62; 309 0.62; 310 0.62; ]
 5 3 5.5 847.2
 6 obj=-2912.3 step=0.50 [305 2.81; 309 2.81; 64 2.50; 90 2.50; 264 2.50; 169 1.56; 321 1.56; 8 1.25; 170 1.25; 171 1.25; 39 0.62; 166 0.62; 168 0.62; 281 0.62; 322 0.62; 51 0.31; 261 0.31; 263 0.31; 300 0.31; 306 0.31; 310 0.31; ]
 6 3 5.2 814.3
 7 obj=-2938.54 step=0.25 [305 2.11; 309 2.11; 64 1.88; 90 1.88; 264 1.88; 166 1.72; 261 1.48; 263 1.48; 24 1.25; 113 1.25; 169 1.17; 321 1.17; 8 0.94; 170 0.94; 171 0.94; 39 0.47; 168 0.47; 281 0.47; 322 0.47; 51 0.23; 300 0.23; 306 0.23; 310 0.23; ]
 7 4 7.1 842.7
 8 obj=-2941.87 step=0.25 [305 2.83; 309 2.83; 168 1.60; 281 1.60; 322 1.60; 64 1.41; 90 1.41; 264 1.41; 166 1.29; 261 1.11; 263 1.11; 24 0.94; 113 0.94; 169 0.88; 321 0.88; 8 0.70; 170 0.70; 171 0.70; 39 0.35; 51 0.18; 300 0.18; 306 0.18; 310 0.18; ]
 8 4 7.0 865.6
 9 obj=-2966.09 step=0.25 [90 2.30; 305 2.12; 309 2.12; 263 2.08; 321 1.91; 170 1.78; 171 1.78; 168 1.20; 281 1.20; 322 1.20; 64 1.05; 264 1.05; 166 0.97; 261 0.83; 24 0.70; 113 0.70; 169 0.66; 8 0.53; 39 0.26; 51 0.13; 300 0.13; 306 0.13; 310 0.13; ]
 9 4 7.1 878.4
10 obj=-2972.15 step=0.12 [90 2.02; 305 1.86; 309 1.86; 263 1.82; 321 1.67; 170 1.56; 171 1.56; 166 1.47; 261 1.36; 168 1.05; 281 1.05; 322 1.05; 64 0.92; 264 0.92; 300 0.74; 105 0.62; 106 0.62; 24 0.62; 113 0.62; 169 0.58; 8 0.46; 39 0.23; 51 0.12; 306 0.12; 310 0.12; ]
10 5 8.7 781.3
11 obj=-2975.11 step=0.06 [305 2.05; 309 2.05; 90 1.89; 263 1.71; 321 1.57; 170 1.46; 171 1.46; 166 1.38; 261 1.27; 168 0.99; 281 0.99; 322 0.99; 64 0.87; 264 0.87; 300 0.69; 105 0.59; 106 0.59; 24 0.58; 113 0.58; 169 0.54; 8 0.43; 23 0.31; 52 0.31; 260 0.31; 39 0.22; 51 0.11; 306 0.11; 310 0.11; ]
11 6 10.2 822.1
12 obj=-2979.31 step=0.12 [90 2.28; 305 1.80; 309 1.80; 263 1.50; 321 1.37; 170 1.28; 171 1.28; 166 1.21; 105 1.14; 106 1.14; 261 1.11; 23 0.90; 168 0.86; 281 0.86; 322 0.86; 64 0.76; 264 0.76; 98 0.62; 300 0.61; 24 0.50; 113 0.50; 169 0.47; 8 0.38; 52 0.27; 260 0.27; 39 0.19; 51 0.09; 306 0.09; 310 0.09; ]
12 5 8.9 829.4
13 obj=-2984.22 step=0.12 [90 1.99; 321 1.82; 305 1.57; 309 1.57; 322 1.38; 263 1.31; 170 1.12; 171 1.12; 24 1.07; 166 1.06; 105 1.00; 106 1.00; 261 0.97; 23 0.79; 168 0.75; 281 0.75; 51 0.71; 64 0.66; 264 0.66; 240 0.62; 98 0.55; 300 0.53; 113 0.44; 169 0.41; 8 0.33; 52 0.24; 260 0.24; 39 0.17; 306 0.08; 310 0.08; ]
13 5 8.9 835.6
14 obj=-2988.29 step=0.06 [90 2.18; 321 1.71; 305 1.47; 309 1.47; 166 1.30; 322 1.29; 263 1.23; 261 1.22; 170 1.05; 171 1.05; 24 1.00; 105 0.93; 106 0.93; 23 0.74; 113 0.73; 168 0.71; 281 0.71; 51 0.66; 64 0.62; 264 0.62; 240 0.59; 98 0.51; 300 0.50; 169 0.39; 97 0.31; 8 0.31; 52 0.22; 260 0.22; 39 0.16; 306 0.08; 310 0.08; ]
14 6 10.5 783.3
15 obj=-2988.37 step=0.01 [90 2.20; 321 1.70; 305 1.50; 309 1.50; 166 1.29; 322 1.28; 263 1.22; 261 1.22; 170 1.04; 171 1.04; 24 0.99; 105 0.93; 106 0.93; 168 0.74; 23 0.73; 113 0.72; 281 0.70; 51 0.66; 64 0.62; 264 0.62; 240 0.58; 98 0.51; 300 0.49; 169 0.39; 97 0.31; 8 0.31; 260 0.26; 52 0.22; 39 0.15; 306 0.08; 310 0.08; ]
15 9 15.1 792.9
16 obj=-2989.47 step=0.06 [90 2.38; 321 1.90; 263 1.45; 305 1.41; 309 1.41; 166 1.21; 322 1.20; 261 1.14; 170 0.97; 171 0.97; 24 0.93; 105 0.87; 106 0.87; 168 0.69; 23 0.69; 113 0.68; 281 0.66; 51 0.62; 64 0.58; 264 0.58; 240 0.55; 98 0.48; 300 0.46; 169 0.36; 88 0.31; 728 0.31; 97 0.29; 8 0.29; 260 0.25; 52 0.21; 39 0.14; 306 0.07; 310 0.07; ]
16 6 10.2 790.8
17 obj=-2989.92 step=0.00 [90 2.37; 321 1.90; 263 1.45; 305 1.42; 309 1.42; 166 1.21; 322 1.20; 261 1.13; 170 0.97; 171 0.97; 24 0.93; 105 0.86; 106 0.86; 168 0.69; 23 0.68; 113 0.67; 281 0.66; 51 0.61; 64 0.58; 264 0.58; 240 0.54; 98 0.48; 300 0.46; 169 0.36; 88 0.31; 728 0.31; 97 0.29; 8 0.29; 260 0.26; 52 0.21; 39 0.14; 306 0.07; 310 0.07; 54 0.02; 56 0.02; ]
17 10 17.9 827.2
18 obj=-2989.94 step=0.00 [90 2.37; 321 1.90; 263 1.45; 305 1.42; 309 1.42; 166 1.21; 322 1.20; 261 1.13; 170 0.97; 171 0.97; 24 0.93; 105 0.86; 106 0.86; 168 0.69; 23 0.68; 113 0.67; 281 0.66; 51 0.61; 64 0.58; 264 0.58; 240 0.54; 98 0.47; 300 0.46; 169 0.36; 88 0.31; 728 0.31; 97 0.29; 8 0.29; 260 0.26; 52 0.21; 39 0.14; 306 0.07; 310 0.07; 54 0.02; 56 0.02; ]
18 14 23.4 812.7
19 obj=-2989.94 step=0.00 [90 2.37; 321 1.89; 263 1.45; 305 1.42; 309 1.42; 166 1.21; 322 1.20; 261 1.14; 170 0.97; 171 0.97; 24 0.93; 105 0.86; 106 0.86; 168 0.69; 23 0.68; 113 0.67; 281 0.65; 51 0.61; 64 0.57; 264 0.57; 240 0.54; 98 0.47; 300 0.46; 169 0.36; 88 0.31; 728 0.31; 97 0.29; 8 0.29; 260 0.26; 52 0.21; 39 0.14; 306 0.07; 310 0.07; 54 0.02; 56 0.02; 15 0.00; ]
19 13 21.6 743.9
IdleTimeout has been reached.
Parallel pool using the 'local' profile is shutting down.

diary off
